(kicad_pcb (version 20171130) (host pcbnew 5.0.2-bee76a0~70~ubuntu18.04.1)

  (general
    (thickness 1.6)
    (drawings 6)
    (tracks 429)
    (zones 0)
    (modules 63)
    (nets 50)
  )

  (page A4)
  (layers
    (0 F.Cu signal)
    (31 B.Cu signal)
    (32 B.Adhes user)
    (33 F.Adhes user)
    (34 B.Paste user)
    (35 F.Paste user)
    (36 B.SilkS user hide)
    (37 F.SilkS user hide)
    (38 B.Mask user)
    (39 F.Mask user hide)
    (40 Dwgs.User user)
    (41 Cmts.User user)
    (42 Eco1.User user)
    (43 Eco2.User user)
    (44 Edge.Cuts user)
    (45 Margin user)
    (46 B.CrtYd user)
    (47 F.CrtYd user)
    (48 B.Fab user)
    (49 F.Fab user)
  )

  (setup
    (last_trace_width 1)
    (user_trace_width 1)
    (trace_clearance 0.2)
    (zone_clearance 0.508)
    (zone_45_only no)
    (trace_min 0.2)
    (segment_width 0.2)
    (edge_width 0.15)
    (via_size 0.6)
    (via_drill 0.4)
    (via_min_size 0.4)
    (via_min_drill 0.3)
    (uvia_size 0.3)
    (uvia_drill 0.1)
    (uvias_allowed no)
    (uvia_min_size 0.2)
    (uvia_min_drill 0.1)
    (pcb_text_width 0.3)
    (pcb_text_size 1.5 1.5)
    (mod_edge_width 0.15)
    (mod_text_size 1 1)
    (mod_text_width 0.15)
    (pad_size 3.2 3.2)
    (pad_drill 3.2)
    (pad_to_mask_clearance 0)
    (solder_mask_min_width 0.25)
    (aux_axis_origin 0 0)
    (visible_elements FFFEFFFF)
    (pcbplotparams
      (layerselection 0x011fc_80000001)
      (usegerberextensions true)
      (usegerberattributes false)
      (usegerberadvancedattributes false)
      (creategerberjobfile false)
      (excludeedgelayer true)
      (linewidth 0.100000)
      (plotframeref false)
      (viasonmask false)
      (mode 1)
      (useauxorigin false)
      (hpglpennumber 1)
      (hpglpenspeed 20)
      (hpglpendiameter 15.000000)
      (psnegative false)
      (psa4output false)
      (plotreference true)
      (plotvalue true)
      (plotinvisibletext false)
      (padsonsilk false)
      (subtractmaskfromsilk false)
      (outputformat 1)
      (mirror false)
      (drillshape 0)
      (scaleselection 1)
      (outputdirectory "gerber/"))
  )

  (net 0 "")
  (net 1 GND)
  (net 2 +3V3)
  (net 3 +5V)
  (net 4 P1.22)
  (net 5 "Net-(IC1-Pad13)")
  (net 6 "Net-(IC1-Pad12)")
  (net 7 "Net-(IC2-Pad3)")
  (net 8 P1.23)
  (net 9 "Net-(IC2-Pad6)")
  (net 10 P2.12)
  (net 11 P2.11)
  (net 12 P4.28)
  (net 13 RX)
  (net 14 "Net-(LED1-Pad2)")
  (net 15 "Net-(C10-Pad1)")
  (net 16 "Net-(C11-Pad1)")
  (net 17 "Net-(D1-Pad2)")
  (net 18 "Net-(J10-Pad4)")
  (net 19 "Net-(J10-Pad6)")
  (net 20 "Net-(Q1-Pad1)")
  (net 21 "Net-(J1-Pad2)")
  (net 22 "Net-(J2-Pad2)")
  (net 23 "Net-(J3-Pad2)")
  (net 24 "Net-(J1-Pad1)")
  (net 25 "Net-(J2-Pad1)")
  (net 26 "Net-(IC3-Pad6)")
  (net 27 "Net-(IC3-Pad7)")
  (net 28 "Net-(J15-Pad2)")
  (net 29 +12V)
  (net 30 "Net-(C13-Pad1)")
  (net 31 "Net-(C14-Pad1)")
  (net 32 "Net-(J17-Pad3)")
  (net 33 "Net-(J20-Pad2)")
  (net 34 "Net-(Q2-Pad2)")
  (net 35 "Net-(R15-Pad2)")
  (net 36 "Net-(R16-Pad1)")
  (net 37 "Net-(IC1-Pad8)")
  (net 38 "Net-(IC2-Pad8)")
  (net 39 "Net-(IC2-Pad11)")
  (net 40 "Net-(J4-Pad1)")
  (net 41 "Net-(J6-Pad5)")
  (net 42 "Net-(J6-Pad6)")
  (net 43 "Net-(J6-Pad7)")
  (net 44 "Net-(J10-Pad5)")
  (net 45 "Net-(J10-Pad3)")
  (net 46 "Net-(J10-Pad2)")
  (net 47 "Net-(J10-Pad1)")
  (net 48 "Net-(U2-Pad10)")
  (net 49 "Net-(U2-Pad11)")

  (net_class Default "This is the default net class."
    (clearance 0.2)
    (trace_width 0.25)
    (via_dia 0.6)
    (via_drill 0.4)
    (uvia_dia 0.3)
    (uvia_drill 0.1)
    (add_net +12V)
    (add_net +3V3)
    (add_net +5V)
    (add_net GND)
    (add_net "Net-(C10-Pad1)")
    (add_net "Net-(C11-Pad1)")
    (add_net "Net-(C13-Pad1)")
    (add_net "Net-(C14-Pad1)")
    (add_net "Net-(D1-Pad2)")
    (add_net "Net-(IC1-Pad12)")
    (add_net "Net-(IC1-Pad13)")
    (add_net "Net-(IC1-Pad8)")
    (add_net "Net-(IC2-Pad11)")
    (add_net "Net-(IC2-Pad3)")
    (add_net "Net-(IC2-Pad6)")
    (add_net "Net-(IC2-Pad8)")
    (add_net "Net-(IC3-Pad6)")
    (add_net "Net-(IC3-Pad7)")
    (add_net "Net-(J1-Pad1)")
    (add_net "Net-(J1-Pad2)")
    (add_net "Net-(J10-Pad1)")
    (add_net "Net-(J10-Pad2)")
    (add_net "Net-(J10-Pad3)")
    (add_net "Net-(J10-Pad4)")
    (add_net "Net-(J10-Pad5)")
    (add_net "Net-(J10-Pad6)")
    (add_net "Net-(J15-Pad2)")
    (add_net "Net-(J17-Pad3)")
    (add_net "Net-(J2-Pad1)")
    (add_net "Net-(J2-Pad2)")
    (add_net "Net-(J20-Pad2)")
    (add_net "Net-(J3-Pad2)")
    (add_net "Net-(J4-Pad1)")
    (add_net "Net-(J6-Pad5)")
    (add_net "Net-(J6-Pad6)")
    (add_net "Net-(J6-Pad7)")
    (add_net "Net-(LED1-Pad2)")
    (add_net "Net-(Q1-Pad1)")
    (add_net "Net-(Q2-Pad2)")
    (add_net "Net-(R15-Pad2)")
    (add_net "Net-(R16-Pad1)")
    (add_net "Net-(U2-Pad10)")
    (add_net "Net-(U2-Pad11)")
    (add_net P1.22)
    (add_net P1.23)
    (add_net P2.11)
    (add_net P2.12)
    (add_net P4.28)
    (add_net RX)
  )

  (net_class Power ""
    (clearance 0.2)
    (trace_width 1)
    (via_dia 1)
    (via_drill 0.4)
    (uvia_dia 0.3)
    (uvia_drill 0.1)
  )

  (module Connector_JST:JST_XH_B06B-XH-A_1x06_P2.50mm_Vertical (layer F.Cu) (tedit 5B7754C5) (tstamp 5C59D3CF)
    (at 239 121.92 90)
    (descr "JST XH series connector, B06B-XH-A (http://www.jst-mfg.com/product/pdf/eng/eXH.pdf), generated with kicad-footprint-generator")
    (tags "connector JST XH side entry")
    (path /58F4262A)
    (fp_text reference J4 (at 6.25 -3.55 90) (layer F.SilkS)
      (effects (font (size 1 1) (thickness 0.15)))
    )
    (fp_text value TO_J8 (at 6.25 4.6 90) (layer F.Fab)
      (effects (font (size 1 1) (thickness 0.15)))
    )
    (fp_line (start -2.45 -2.35) (end -2.45 3.4) (layer F.Fab) (width 0.1))
    (fp_line (start -2.45 3.4) (end 14.95 3.4) (layer F.Fab) (width 0.1))
    (fp_line (start 14.95 3.4) (end 14.95 -2.35) (layer F.Fab) (width 0.1))
    (fp_line (start 14.95 -2.35) (end -2.45 -2.35) (layer F.Fab) (width 0.1))
    (fp_line (start -2.56 -2.46) (end -2.56 3.51) (layer F.SilkS) (width 0.12))
    (fp_line (start -2.56 3.51) (end 15.06 3.51) (layer F.SilkS) (width 0.12))
    (fp_line (start 15.06 3.51) (end 15.06 -2.46) (layer F.SilkS) (width 0.12))
    (fp_line (start 15.06 -2.46) (end -2.56 -2.46) (layer F.SilkS) (width 0.12))
    (fp_line (start -2.95 -2.85) (end -2.95 3.9) (layer F.CrtYd) (width 0.05))
    (fp_line (start -2.95 3.9) (end 15.45 3.9) (layer F.CrtYd) (width 0.05))
    (fp_line (start 15.45 3.9) (end 15.45 -2.85) (layer F.CrtYd) (width 0.05))
    (fp_line (start 15.45 -2.85) (end -2.95 -2.85) (layer F.CrtYd) (width 0.05))
    (fp_line (start -0.625 -2.35) (end 0 -1.35) (layer F.Fab) (width 0.1))
    (fp_line (start 0 -1.35) (end 0.625 -2.35) (layer F.Fab) (width 0.1))
    (fp_line (start 0.75 -2.45) (end 0.75 -1.7) (layer F.SilkS) (width 0.12))
    (fp_line (start 0.75 -1.7) (end 11.75 -1.7) (layer F.SilkS) (width 0.12))
    (fp_line (start 11.75 -1.7) (end 11.75 -2.45) (layer F.SilkS) (width 0.12))
    (fp_line (start 11.75 -2.45) (end 0.75 -2.45) (layer F.SilkS) (width 0.12))
    (fp_line (start -2.55 -2.45) (end -2.55 -1.7) (layer F.SilkS) (width 0.12))
    (fp_line (start -2.55 -1.7) (end -0.75 -1.7) (layer F.SilkS) (width 0.12))
    (fp_line (start -0.75 -1.7) (end -0.75 -2.45) (layer F.SilkS) (width 0.12))
    (fp_line (start -0.75 -2.45) (end -2.55 -2.45) (layer F.SilkS) (width 0.12))
    (fp_line (start 13.25 -2.45) (end 13.25 -1.7) (layer F.SilkS) (width 0.12))
    (fp_line (start 13.25 -1.7) (end 15.05 -1.7) (layer F.SilkS) (width 0.12))
    (fp_line (start 15.05 -1.7) (end 15.05 -2.45) (layer F.SilkS) (width 0.12))
    (fp_line (start 15.05 -2.45) (end 13.25 -2.45) (layer F.SilkS) (width 0.12))
    (fp_line (start -2.55 -0.2) (end -1.8 -0.2) (layer F.SilkS) (width 0.12))
    (fp_line (start -1.8 -0.2) (end -1.8 2.75) (layer F.SilkS) (width 0.12))
    (fp_line (start -1.8 2.75) (end 6.25 2.75) (layer F.SilkS) (width 0.12))
    (fp_line (start 15.05 -0.2) (end 14.3 -0.2) (layer F.SilkS) (width 0.12))
    (fp_line (start 14.3 -0.2) (end 14.3 2.75) (layer F.SilkS) (width 0.12))
    (fp_line (start 14.3 2.75) (end 6.25 2.75) (layer F.SilkS) (width 0.12))
    (fp_line (start -1.6 -2.75) (end -2.85 -2.75) (layer F.SilkS) (width 0.12))
    (fp_line (start -2.85 -2.75) (end -2.85 -1.5) (layer F.SilkS) (width 0.12))
    (fp_text user %R (at 6.25 2.7 90) (layer F.Fab)
      (effects (font (size 1 1) (thickness 0.15)))
    )
    (pad 1 thru_hole roundrect (at 0 0 90) (size 1.7 1.95) (drill 0.95) (layers *.Cu *.Mask) (roundrect_rratio 0.147059)
      (net 40 "Net-(J4-Pad1)"))
    (pad 2 thru_hole oval (at 2.5 0 90) (size 1.7 1.95) (drill 0.95) (layers *.Cu *.Mask)
      (net 4 P1.22))
    (pad 3 thru_hole oval (at 5 0 90) (size 1.7 1.95) (drill 0.95) (layers *.Cu *.Mask)
      (net 8 P1.23))
    (pad 4 thru_hole oval (at 7.5 0 90) (size 1.7 1.95) (drill 0.95) (layers *.Cu *.Mask)
      (net 10 P2.12))
    (pad 5 thru_hole oval (at 10 0 90) (size 1.7 1.95) (drill 0.95) (layers *.Cu *.Mask)
      (net 11 P2.11))
    (pad 6 thru_hole oval (at 12.5 0 90) (size 1.7 1.95) (drill 0.95) (layers *.Cu *.Mask)
      (net 12 P4.28))
    (model ${KISYS3DMOD}/Connector_JST.3dshapes/JST_XH_B06B-XH-A_1x06_P2.50mm_Vertical.wrl
      (at (xyz 0 0 0))
      (scale (xyz 1 1 1))
      (rotate (xyz 0 0 0))
    )
  )

  (module Connector_JST:JST_XH_B06B-XH-A_1x06_P2.50mm_Vertical (layer F.Cu) (tedit 5B7754C5) (tstamp 5C54B4D5)
    (at 239 103 90)
    (descr "JST XH series connector, B06B-XH-A (http://www.jst-mfg.com/product/pdf/eng/eXH.pdf), generated with kicad-footprint-generator")
    (tags "connector JST XH side entry")
    (path /58F3B713/58F4B23A)
    (fp_text reference J10 (at 6.25 -3.55 90) (layer F.SilkS)
      (effects (font (size 1 1) (thickness 0.15)))
    )
    (fp_text value TO_J7 (at 6.25 4.6 90) (layer F.Fab)
      (effects (font (size 1 1) (thickness 0.15)))
    )
    (fp_text user %R (at 6.25 2.7 90) (layer F.Fab)
      (effects (font (size 1 1) (thickness 0.15)))
    )
    (fp_line (start -2.85 -2.75) (end -2.85 -1.5) (layer F.SilkS) (width 0.12))
    (fp_line (start -1.6 -2.75) (end -2.85 -2.75) (layer F.SilkS) (width 0.12))
    (fp_line (start 14.3 2.75) (end 6.25 2.75) (layer F.SilkS) (width 0.12))
    (fp_line (start 14.3 -0.2) (end 14.3 2.75) (layer F.SilkS) (width 0.12))
    (fp_line (start 15.05 -0.2) (end 14.3 -0.2) (layer F.SilkS) (width 0.12))
    (fp_line (start -1.8 2.75) (end 6.25 2.75) (layer F.SilkS) (width 0.12))
    (fp_line (start -1.8 -0.2) (end -1.8 2.75) (layer F.SilkS) (width 0.12))
    (fp_line (start -2.55 -0.2) (end -1.8 -0.2) (layer F.SilkS) (width 0.12))
    (fp_line (start 15.05 -2.45) (end 13.25 -2.45) (layer F.SilkS) (width 0.12))
    (fp_line (start 15.05 -1.7) (end 15.05 -2.45) (layer F.SilkS) (width 0.12))
    (fp_line (start 13.25 -1.7) (end 15.05 -1.7) (layer F.SilkS) (width 0.12))
    (fp_line (start 13.25 -2.45) (end 13.25 -1.7) (layer F.SilkS) (width 0.12))
    (fp_line (start -0.75 -2.45) (end -2.55 -2.45) (layer F.SilkS) (width 0.12))
    (fp_line (start -0.75 -1.7) (end -0.75 -2.45) (layer F.SilkS) (width 0.12))
    (fp_line (start -2.55 -1.7) (end -0.75 -1.7) (layer F.SilkS) (width 0.12))
    (fp_line (start -2.55 -2.45) (end -2.55 -1.7) (layer F.SilkS) (width 0.12))
    (fp_line (start 11.75 -2.45) (end 0.75 -2.45) (layer F.SilkS) (width 0.12))
    (fp_line (start 11.75 -1.7) (end 11.75 -2.45) (layer F.SilkS) (width 0.12))
    (fp_line (start 0.75 -1.7) (end 11.75 -1.7) (layer F.SilkS) (width 0.12))
    (fp_line (start 0.75 -2.45) (end 0.75 -1.7) (layer F.SilkS) (width 0.12))
    (fp_line (start 0 -1.35) (end 0.625 -2.35) (layer F.Fab) (width 0.1))
    (fp_line (start -0.625 -2.35) (end 0 -1.35) (layer F.Fab) (width 0.1))
    (fp_line (start 15.45 -2.85) (end -2.95 -2.85) (layer F.CrtYd) (width 0.05))
    (fp_line (start 15.45 3.9) (end 15.45 -2.85) (layer F.CrtYd) (width 0.05))
    (fp_line (start -2.95 3.9) (end 15.45 3.9) (layer F.CrtYd) (width 0.05))
    (fp_line (start -2.95 -2.85) (end -2.95 3.9) (layer F.CrtYd) (width 0.05))
    (fp_line (start 15.06 -2.46) (end -2.56 -2.46) (layer F.SilkS) (width 0.12))
    (fp_line (start 15.06 3.51) (end 15.06 -2.46) (layer F.SilkS) (width 0.12))
    (fp_line (start -2.56 3.51) (end 15.06 3.51) (layer F.SilkS) (width 0.12))
    (fp_line (start -2.56 -2.46) (end -2.56 3.51) (layer F.SilkS) (width 0.12))
    (fp_line (start 14.95 -2.35) (end -2.45 -2.35) (layer F.Fab) (width 0.1))
    (fp_line (start 14.95 3.4) (end 14.95 -2.35) (layer F.Fab) (width 0.1))
    (fp_line (start -2.45 3.4) (end 14.95 3.4) (layer F.Fab) (width 0.1))
    (fp_line (start -2.45 -2.35) (end -2.45 3.4) (layer F.Fab) (width 0.1))
    (pad 6 thru_hole oval (at 12.5 0 90) (size 1.7 1.95) (drill 0.95) (layers *.Cu *.Mask)
      (net 19 "Net-(J10-Pad6)"))
    (pad 5 thru_hole oval (at 10 0 90) (size 1.7 1.95) (drill 0.95) (layers *.Cu *.Mask)
      (net 44 "Net-(J10-Pad5)"))
    (pad 4 thru_hole oval (at 7.5 0 90) (size 1.7 1.95) (drill 0.95) (layers *.Cu *.Mask)
      (net 18 "Net-(J10-Pad4)"))
    (pad 3 thru_hole oval (at 5 0 90) (size 1.7 1.95) (drill 0.95) (layers *.Cu *.Mask)
      (net 45 "Net-(J10-Pad3)"))
    (pad 2 thru_hole oval (at 2.5 0 90) (size 1.7 1.95) (drill 0.95) (layers *.Cu *.Mask)
      (net 46 "Net-(J10-Pad2)"))
    (pad 1 thru_hole roundrect (at 0 0 90) (size 1.7 1.95) (drill 0.95) (layers *.Cu *.Mask) (roundrect_rratio 0.147059)
      (net 47 "Net-(J10-Pad1)"))
    (model ${KISYS3DMOD}/Connector_JST.3dshapes/JST_XH_B06B-XH-A_1x06_P2.50mm_Vertical.wrl
      (at (xyz 0 0 0))
      (scale (xyz 1 1 1))
      (rotate (xyz 0 0 0))
    )
  )

  (module Connector_JST:JST_PH_B2B-PH-K_1x02_P2.00mm_Vertical (layer F.Cu) (tedit 5B7745C2) (tstamp 5C58E2EA)
    (at 199.39 75.565 90)
    (descr "JST PH series connector, B2B-PH-K (http://www.jst-mfg.com/product/pdf/eng/ePH.pdf), generated with kicad-footprint-generator")
    (tags "connector JST PH side entry")
    (path /58F3B713/58F4BA43)
    (fp_text reference J11 (at 1 -2.9 90) (layer F.SilkS)
      (effects (font (size 1 1) (thickness 0.15)))
    )
    (fp_text value "24V PWR" (at 1 4 90) (layer F.Fab)
      (effects (font (size 1 1) (thickness 0.15)))
    )
    (fp_text user %R (at 1 1.5 90) (layer F.Fab)
      (effects (font (size 1 1) (thickness 0.15)))
    )
    (fp_line (start 4.45 -2.2) (end -2.45 -2.2) (layer F.CrtYd) (width 0.05))
    (fp_line (start 4.45 3.3) (end 4.45 -2.2) (layer F.CrtYd) (width 0.05))
    (fp_line (start -2.45 3.3) (end 4.45 3.3) (layer F.CrtYd) (width 0.05))
    (fp_line (start -2.45 -2.2) (end -2.45 3.3) (layer F.CrtYd) (width 0.05))
    (fp_line (start 3.95 -1.7) (end -1.95 -1.7) (layer F.Fab) (width 0.1))
    (fp_line (start 3.95 2.8) (end 3.95 -1.7) (layer F.Fab) (width 0.1))
    (fp_line (start -1.95 2.8) (end 3.95 2.8) (layer F.Fab) (width 0.1))
    (fp_line (start -1.95 -1.7) (end -1.95 2.8) (layer F.Fab) (width 0.1))
    (fp_line (start -2.36 -2.11) (end -2.36 -0.86) (layer F.Fab) (width 0.1))
    (fp_line (start -1.11 -2.11) (end -2.36 -2.11) (layer F.Fab) (width 0.1))
    (fp_line (start -2.36 -2.11) (end -2.36 -0.86) (layer F.SilkS) (width 0.12))
    (fp_line (start -1.11 -2.11) (end -2.36 -2.11) (layer F.SilkS) (width 0.12))
    (fp_line (start 1 2.3) (end 1 1.8) (layer F.SilkS) (width 0.12))
    (fp_line (start 1.1 1.8) (end 1.1 2.3) (layer F.SilkS) (width 0.12))
    (fp_line (start 0.9 1.8) (end 1.1 1.8) (layer F.SilkS) (width 0.12))
    (fp_line (start 0.9 2.3) (end 0.9 1.8) (layer F.SilkS) (width 0.12))
    (fp_line (start 4.06 0.8) (end 3.45 0.8) (layer F.SilkS) (width 0.12))
    (fp_line (start 4.06 -0.5) (end 3.45 -0.5) (layer F.SilkS) (width 0.12))
    (fp_line (start -2.06 0.8) (end -1.45 0.8) (layer F.SilkS) (width 0.12))
    (fp_line (start -2.06 -0.5) (end -1.45 -0.5) (layer F.SilkS) (width 0.12))
    (fp_line (start 1.5 -1.2) (end 1.5 -1.81) (layer F.SilkS) (width 0.12))
    (fp_line (start 3.45 -1.2) (end 1.5 -1.2) (layer F.SilkS) (width 0.12))
    (fp_line (start 3.45 2.3) (end 3.45 -1.2) (layer F.SilkS) (width 0.12))
    (fp_line (start -1.45 2.3) (end 3.45 2.3) (layer F.SilkS) (width 0.12))
    (fp_line (start -1.45 -1.2) (end -1.45 2.3) (layer F.SilkS) (width 0.12))
    (fp_line (start 0.5 -1.2) (end -1.45 -1.2) (layer F.SilkS) (width 0.12))
    (fp_line (start 0.5 -1.81) (end 0.5 -1.2) (layer F.SilkS) (width 0.12))
    (fp_line (start -0.3 -1.91) (end -0.6 -1.91) (layer F.SilkS) (width 0.12))
    (fp_line (start -0.6 -2.01) (end -0.6 -1.81) (layer F.SilkS) (width 0.12))
    (fp_line (start -0.3 -2.01) (end -0.6 -2.01) (layer F.SilkS) (width 0.12))
    (fp_line (start -0.3 -1.81) (end -0.3 -2.01) (layer F.SilkS) (width 0.12))
    (fp_line (start 4.06 -1.81) (end -2.06 -1.81) (layer F.SilkS) (width 0.12))
    (fp_line (start 4.06 2.91) (end 4.06 -1.81) (layer F.SilkS) (width 0.12))
    (fp_line (start -2.06 2.91) (end 4.06 2.91) (layer F.SilkS) (width 0.12))
    (fp_line (start -2.06 -1.81) (end -2.06 2.91) (layer F.SilkS) (width 0.12))
    (pad 2 thru_hole oval (at 2 0 90) (size 1.2 1.75) (drill 0.75) (layers *.Cu *.Mask)
      (net 1 GND))
    (pad 1 thru_hole roundrect (at 0 0 90) (size 1.2 1.75) (drill 0.75) (layers *.Cu *.Mask) (roundrect_rratio 0.208333)
      (net 15 "Net-(C10-Pad1)"))
    (model ${KISYS3DMOD}/Connector_JST.3dshapes/JST_PH_B2B-PH-K_1x02_P2.00mm_Vertical.wrl
      (at (xyz 0 0 0))
      (scale (xyz 1 1 1))
      (rotate (xyz 0 0 0))
    )
  )

  (module Capacitor_SMD:C_0805_2012Metric (layer F.Cu) (tedit 5B36C52B) (tstamp 5C54B1B1)
    (at 233.045 118.618)
    (descr "Capacitor SMD 0805 (2012 Metric), square (rectangular) end terminal, IPC_7351 nominal, (Body size source: https://docs.google.com/spreadsheets/d/1BsfQQcO9C6DZCsRaXUlFlo91Tg2WpOkGARC1WS5S8t0/edit?usp=sharing), generated with kicad-footprint-generator")
    (tags capacitor)
    (path /58F2E7E7)
    (attr smd)
    (fp_text reference C1 (at 0 -1.65) (layer F.SilkS)
      (effects (font (size 1 1) (thickness 0.15)))
    )
    (fp_text value 100n (at 0 1.65) (layer F.Fab)
      (effects (font (size 1 1) (thickness 0.15)))
    )
    (fp_line (start -1 0.6) (end -1 -0.6) (layer F.Fab) (width 0.1))
    (fp_line (start -1 -0.6) (end 1 -0.6) (layer F.Fab) (width 0.1))
    (fp_line (start 1 -0.6) (end 1 0.6) (layer F.Fab) (width 0.1))
    (fp_line (start 1 0.6) (end -1 0.6) (layer F.Fab) (width 0.1))
    (fp_line (start -0.258578 -0.71) (end 0.258578 -0.71) (layer F.SilkS) (width 0.12))
    (fp_line (start -0.258578 0.71) (end 0.258578 0.71) (layer F.SilkS) (width 0.12))
    (fp_line (start -1.68 0.95) (end -1.68 -0.95) (layer F.CrtYd) (width 0.05))
    (fp_line (start -1.68 -0.95) (end 1.68 -0.95) (layer F.CrtYd) (width 0.05))
    (fp_line (start 1.68 -0.95) (end 1.68 0.95) (layer F.CrtYd) (width 0.05))
    (fp_line (start 1.68 0.95) (end -1.68 0.95) (layer F.CrtYd) (width 0.05))
    (fp_text user %R (at 0 0) (layer F.Fab)
      (effects (font (size 0.5 0.5) (thickness 0.08)))
    )
    (pad 1 smd roundrect (at -0.9375 0) (size 0.975 1.4) (layers F.Cu F.Paste F.Mask) (roundrect_rratio 0.25)
      (net 12 P4.28))
    (pad 2 smd roundrect (at 0.9375 0) (size 0.975 1.4) (layers F.Cu F.Paste F.Mask) (roundrect_rratio 0.25)
      (net 1 GND))
    (model ${KISYS3DMOD}/Capacitor_SMD.3dshapes/C_0805_2012Metric.wrl
      (at (xyz 0 0 0))
      (scale (xyz 1 1 1))
      (rotate (xyz 0 0 0))
    )
  )

  (module Capacitor_SMD:C_0805_2012Metric (layer F.Cu) (tedit 5B36C52B) (tstamp 5C54B1C1)
    (at 233.045 116.205)
    (descr "Capacitor SMD 0805 (2012 Metric), square (rectangular) end terminal, IPC_7351 nominal, (Body size source: https://docs.google.com/spreadsheets/d/1BsfQQcO9C6DZCsRaXUlFlo91Tg2WpOkGARC1WS5S8t0/edit?usp=sharing), generated with kicad-footprint-generator")
    (tags capacitor)
    (path /58F2E6CC)
    (attr smd)
    (fp_text reference C2 (at 0 -1.65) (layer F.SilkS)
      (effects (font (size 1 1) (thickness 0.15)))
    )
    (fp_text value 100n (at 0 1.65) (layer F.Fab)
      (effects (font (size 1 1) (thickness 0.15)))
    )
    (fp_text user %R (at 0 0) (layer F.Fab)
      (effects (font (size 0.5 0.5) (thickness 0.08)))
    )
    (fp_line (start 1.68 0.95) (end -1.68 0.95) (layer F.CrtYd) (width 0.05))
    (fp_line (start 1.68 -0.95) (end 1.68 0.95) (layer F.CrtYd) (width 0.05))
    (fp_line (start -1.68 -0.95) (end 1.68 -0.95) (layer F.CrtYd) (width 0.05))
    (fp_line (start -1.68 0.95) (end -1.68 -0.95) (layer F.CrtYd) (width 0.05))
    (fp_line (start -0.258578 0.71) (end 0.258578 0.71) (layer F.SilkS) (width 0.12))
    (fp_line (start -0.258578 -0.71) (end 0.258578 -0.71) (layer F.SilkS) (width 0.12))
    (fp_line (start 1 0.6) (end -1 0.6) (layer F.Fab) (width 0.1))
    (fp_line (start 1 -0.6) (end 1 0.6) (layer F.Fab) (width 0.1))
    (fp_line (start -1 -0.6) (end 1 -0.6) (layer F.Fab) (width 0.1))
    (fp_line (start -1 0.6) (end -1 -0.6) (layer F.Fab) (width 0.1))
    (pad 2 smd roundrect (at 0.9375 0) (size 0.975 1.4) (layers F.Cu F.Paste F.Mask) (roundrect_rratio 0.25)
      (net 1 GND))
    (pad 1 smd roundrect (at -0.9375 0) (size 0.975 1.4) (layers F.Cu F.Paste F.Mask) (roundrect_rratio 0.25)
      (net 11 P2.11))
    (model ${KISYS3DMOD}/Capacitor_SMD.3dshapes/C_0805_2012Metric.wrl
      (at (xyz 0 0 0))
      (scale (xyz 1 1 1))
      (rotate (xyz 0 0 0))
    )
  )

  (module Capacitor_SMD:C_0805_2012Metric (layer F.Cu) (tedit 5B36C52B) (tstamp 5C54B1D1)
    (at 230.505 108.585 180)
    (descr "Capacitor SMD 0805 (2012 Metric), square (rectangular) end terminal, IPC_7351 nominal, (Body size source: https://docs.google.com/spreadsheets/d/1BsfQQcO9C6DZCsRaXUlFlo91Tg2WpOkGARC1WS5S8t0/edit?usp=sharing), generated with kicad-footprint-generator")
    (tags capacitor)
    (path /58F2E6C5)
    (attr smd)
    (fp_text reference C3 (at 0 -1.65 180) (layer F.SilkS)
      (effects (font (size 1 1) (thickness 0.15)))
    )
    (fp_text value 100n (at 0 1.65 180) (layer F.Fab)
      (effects (font (size 1 1) (thickness 0.15)))
    )
    (fp_line (start -1 0.6) (end -1 -0.6) (layer F.Fab) (width 0.1))
    (fp_line (start -1 -0.6) (end 1 -0.6) (layer F.Fab) (width 0.1))
    (fp_line (start 1 -0.6) (end 1 0.6) (layer F.Fab) (width 0.1))
    (fp_line (start 1 0.6) (end -1 0.6) (layer F.Fab) (width 0.1))
    (fp_line (start -0.258578 -0.71) (end 0.258578 -0.71) (layer F.SilkS) (width 0.12))
    (fp_line (start -0.258578 0.71) (end 0.258578 0.71) (layer F.SilkS) (width 0.12))
    (fp_line (start -1.68 0.95) (end -1.68 -0.95) (layer F.CrtYd) (width 0.05))
    (fp_line (start -1.68 -0.95) (end 1.68 -0.95) (layer F.CrtYd) (width 0.05))
    (fp_line (start 1.68 -0.95) (end 1.68 0.95) (layer F.CrtYd) (width 0.05))
    (fp_line (start 1.68 0.95) (end -1.68 0.95) (layer F.CrtYd) (width 0.05))
    (fp_text user %R (at 0 0 180) (layer F.Fab)
      (effects (font (size 0.5 0.5) (thickness 0.08)))
    )
    (pad 1 smd roundrect (at -0.9375 0 180) (size 0.975 1.4) (layers F.Cu F.Paste F.Mask) (roundrect_rratio 0.25)
      (net 10 P2.12))
    (pad 2 smd roundrect (at 0.9375 0 180) (size 0.975 1.4) (layers F.Cu F.Paste F.Mask) (roundrect_rratio 0.25)
      (net 1 GND))
    (model ${KISYS3DMOD}/Capacitor_SMD.3dshapes/C_0805_2012Metric.wrl
      (at (xyz 0 0 0))
      (scale (xyz 1 1 1))
      (rotate (xyz 0 0 0))
    )
  )

  (module Capacitor_SMD:C_0805_2012Metric (layer F.Cu) (tedit 5B36C52B) (tstamp 5C54B1E1)
    (at 226.314 109.982)
    (descr "Capacitor SMD 0805 (2012 Metric), square (rectangular) end terminal, IPC_7351 nominal, (Body size source: https://docs.google.com/spreadsheets/d/1BsfQQcO9C6DZCsRaXUlFlo91Tg2WpOkGARC1WS5S8t0/edit?usp=sharing), generated with kicad-footprint-generator")
    (tags capacitor)
    (path /58F2E5F9)
    (attr smd)
    (fp_text reference C4 (at 0 -1.65) (layer F.SilkS)
      (effects (font (size 1 1) (thickness 0.15)))
    )
    (fp_text value 100n (at 0 1.65) (layer F.Fab)
      (effects (font (size 1 1) (thickness 0.15)))
    )
    (fp_text user %R (at 0 0) (layer F.Fab)
      (effects (font (size 0.5 0.5) (thickness 0.08)))
    )
    (fp_line (start 1.68 0.95) (end -1.68 0.95) (layer F.CrtYd) (width 0.05))
    (fp_line (start 1.68 -0.95) (end 1.68 0.95) (layer F.CrtYd) (width 0.05))
    (fp_line (start -1.68 -0.95) (end 1.68 -0.95) (layer F.CrtYd) (width 0.05))
    (fp_line (start -1.68 0.95) (end -1.68 -0.95) (layer F.CrtYd) (width 0.05))
    (fp_line (start -0.258578 0.71) (end 0.258578 0.71) (layer F.SilkS) (width 0.12))
    (fp_line (start -0.258578 -0.71) (end 0.258578 -0.71) (layer F.SilkS) (width 0.12))
    (fp_line (start 1 0.6) (end -1 0.6) (layer F.Fab) (width 0.1))
    (fp_line (start 1 -0.6) (end 1 0.6) (layer F.Fab) (width 0.1))
    (fp_line (start -1 -0.6) (end 1 -0.6) (layer F.Fab) (width 0.1))
    (fp_line (start -1 0.6) (end -1 -0.6) (layer F.Fab) (width 0.1))
    (pad 2 smd roundrect (at 0.9375 0) (size 0.975 1.4) (layers F.Cu F.Paste F.Mask) (roundrect_rratio 0.25)
      (net 1 GND))
    (pad 1 smd roundrect (at -0.9375 0) (size 0.975 1.4) (layers F.Cu F.Paste F.Mask) (roundrect_rratio 0.25)
      (net 2 +3V3))
    (model ${KISYS3DMOD}/Capacitor_SMD.3dshapes/C_0805_2012Metric.wrl
      (at (xyz 0 0 0))
      (scale (xyz 1 1 1))
      (rotate (xyz 0 0 0))
    )
  )

  (module Capacitor_SMD:C_0805_2012Metric (layer F.Cu) (tedit 5B36C52B) (tstamp 5C54B1F1)
    (at 218.186 123.698)
    (descr "Capacitor SMD 0805 (2012 Metric), square (rectangular) end terminal, IPC_7351 nominal, (Body size source: https://docs.google.com/spreadsheets/d/1BsfQQcO9C6DZCsRaXUlFlo91Tg2WpOkGARC1WS5S8t0/edit?usp=sharing), generated with kicad-footprint-generator")
    (tags capacitor)
    (path /58F2E73B)
    (attr smd)
    (fp_text reference C5 (at 0 -1.65) (layer F.SilkS)
      (effects (font (size 1 1) (thickness 0.15)))
    )
    (fp_text value 100n (at 0 1.65) (layer F.Fab)
      (effects (font (size 1 1) (thickness 0.15)))
    )
    (fp_line (start -1 0.6) (end -1 -0.6) (layer F.Fab) (width 0.1))
    (fp_line (start -1 -0.6) (end 1 -0.6) (layer F.Fab) (width 0.1))
    (fp_line (start 1 -0.6) (end 1 0.6) (layer F.Fab) (width 0.1))
    (fp_line (start 1 0.6) (end -1 0.6) (layer F.Fab) (width 0.1))
    (fp_line (start -0.258578 -0.71) (end 0.258578 -0.71) (layer F.SilkS) (width 0.12))
    (fp_line (start -0.258578 0.71) (end 0.258578 0.71) (layer F.SilkS) (width 0.12))
    (fp_line (start -1.68 0.95) (end -1.68 -0.95) (layer F.CrtYd) (width 0.05))
    (fp_line (start -1.68 -0.95) (end 1.68 -0.95) (layer F.CrtYd) (width 0.05))
    (fp_line (start 1.68 -0.95) (end 1.68 0.95) (layer F.CrtYd) (width 0.05))
    (fp_line (start 1.68 0.95) (end -1.68 0.95) (layer F.CrtYd) (width 0.05))
    (fp_text user %R (at 0 0) (layer F.Fab)
      (effects (font (size 0.5 0.5) (thickness 0.08)))
    )
    (pad 1 smd roundrect (at -0.9375 0) (size 0.975 1.4) (layers F.Cu F.Paste F.Mask) (roundrect_rratio 0.25)
      (net 3 +5V))
    (pad 2 smd roundrect (at 0.9375 0) (size 0.975 1.4) (layers F.Cu F.Paste F.Mask) (roundrect_rratio 0.25)
      (net 1 GND))
    (model ${KISYS3DMOD}/Capacitor_SMD.3dshapes/C_0805_2012Metric.wrl
      (at (xyz 0 0 0))
      (scale (xyz 1 1 1))
      (rotate (xyz 0 0 0))
    )
  )

  (module Capacitor_SMD:C_0805_2012Metric (layer F.Cu) (tedit 5B36C52B) (tstamp 5C54B201)
    (at 220.345 76.2 270)
    (descr "Capacitor SMD 0805 (2012 Metric), square (rectangular) end terminal, IPC_7351 nominal, (Body size source: https://docs.google.com/spreadsheets/d/1BsfQQcO9C6DZCsRaXUlFlo91Tg2WpOkGARC1WS5S8t0/edit?usp=sharing), generated with kicad-footprint-generator")
    (tags capacitor)
    (path /58F3E937)
    (attr smd)
    (fp_text reference C6 (at 0 -1.65 270) (layer F.SilkS)
      (effects (font (size 1 1) (thickness 0.15)))
    )
    (fp_text value 100n (at 0 1.65 270) (layer F.Fab)
      (effects (font (size 1 1) (thickness 0.15)))
    )
    (fp_text user %R (at 0 0 270) (layer F.Fab)
      (effects (font (size 0.5 0.5) (thickness 0.08)))
    )
    (fp_line (start 1.68 0.95) (end -1.68 0.95) (layer F.CrtYd) (width 0.05))
    (fp_line (start 1.68 -0.95) (end 1.68 0.95) (layer F.CrtYd) (width 0.05))
    (fp_line (start -1.68 -0.95) (end 1.68 -0.95) (layer F.CrtYd) (width 0.05))
    (fp_line (start -1.68 0.95) (end -1.68 -0.95) (layer F.CrtYd) (width 0.05))
    (fp_line (start -0.258578 0.71) (end 0.258578 0.71) (layer F.SilkS) (width 0.12))
    (fp_line (start -0.258578 -0.71) (end 0.258578 -0.71) (layer F.SilkS) (width 0.12))
    (fp_line (start 1 0.6) (end -1 0.6) (layer F.Fab) (width 0.1))
    (fp_line (start 1 -0.6) (end 1 0.6) (layer F.Fab) (width 0.1))
    (fp_line (start -1 -0.6) (end 1 -0.6) (layer F.Fab) (width 0.1))
    (fp_line (start -1 0.6) (end -1 -0.6) (layer F.Fab) (width 0.1))
    (pad 2 smd roundrect (at 0.9375 0 270) (size 0.975 1.4) (layers F.Cu F.Paste F.Mask) (roundrect_rratio 0.25)
      (net 1 GND))
    (pad 1 smd roundrect (at -0.9375 0 270) (size 0.975 1.4) (layers F.Cu F.Paste F.Mask) (roundrect_rratio 0.25)
      (net 3 +5V))
    (model ${KISYS3DMOD}/Capacitor_SMD.3dshapes/C_0805_2012Metric.wrl
      (at (xyz 0 0 0))
      (scale (xyz 1 1 1))
      (rotate (xyz 0 0 0))
    )
  )

  (module Capacitor_SMD:C_0805_2012Metric (layer F.Cu) (tedit 5B36C52B) (tstamp 5C54B211)
    (at 208.915 122.555)
    (descr "Capacitor SMD 0805 (2012 Metric), square (rectangular) end terminal, IPC_7351 nominal, (Body size source: https://docs.google.com/spreadsheets/d/1BsfQQcO9C6DZCsRaXUlFlo91Tg2WpOkGARC1WS5S8t0/edit?usp=sharing), generated with kicad-footprint-generator")
    (tags capacitor)
    (path /58F3B713/58F3B8FA)
    (attr smd)
    (fp_text reference C7 (at 0 -1.65) (layer F.SilkS)
      (effects (font (size 1 1) (thickness 0.15)))
    )
    (fp_text value 100n (at 0 1.65) (layer F.Fab)
      (effects (font (size 1 1) (thickness 0.15)))
    )
    (fp_line (start -1 0.6) (end -1 -0.6) (layer F.Fab) (width 0.1))
    (fp_line (start -1 -0.6) (end 1 -0.6) (layer F.Fab) (width 0.1))
    (fp_line (start 1 -0.6) (end 1 0.6) (layer F.Fab) (width 0.1))
    (fp_line (start 1 0.6) (end -1 0.6) (layer F.Fab) (width 0.1))
    (fp_line (start -0.258578 -0.71) (end 0.258578 -0.71) (layer F.SilkS) (width 0.12))
    (fp_line (start -0.258578 0.71) (end 0.258578 0.71) (layer F.SilkS) (width 0.12))
    (fp_line (start -1.68 0.95) (end -1.68 -0.95) (layer F.CrtYd) (width 0.05))
    (fp_line (start -1.68 -0.95) (end 1.68 -0.95) (layer F.CrtYd) (width 0.05))
    (fp_line (start 1.68 -0.95) (end 1.68 0.95) (layer F.CrtYd) (width 0.05))
    (fp_line (start 1.68 0.95) (end -1.68 0.95) (layer F.CrtYd) (width 0.05))
    (fp_text user %R (at 0 0) (layer F.Fab)
      (effects (font (size 0.5 0.5) (thickness 0.08)))
    )
    (pad 1 smd roundrect (at -0.9375 0) (size 0.975 1.4) (layers F.Cu F.Paste F.Mask) (roundrect_rratio 0.25)
      (net 3 +5V))
    (pad 2 smd roundrect (at 0.9375 0) (size 0.975 1.4) (layers F.Cu F.Paste F.Mask) (roundrect_rratio 0.25)
      (net 1 GND))
    (model ${KISYS3DMOD}/Capacitor_SMD.3dshapes/C_0805_2012Metric.wrl
      (at (xyz 0 0 0))
      (scale (xyz 1 1 1))
      (rotate (xyz 0 0 0))
    )
  )

  (module Diode_SMD:D_SMA (layer F.Cu) (tedit 586432E5) (tstamp 5C54B2BD)
    (at 207.01 96.52 90)
    (descr "Diode SMA (DO-214AC)")
    (tags "Diode SMA (DO-214AC)")
    (path /58F3B713/58F4D43F)
    (attr smd)
    (fp_text reference D1 (at 0 -2.5 90) (layer F.SilkS)
      (effects (font (size 1 1) (thickness 0.15)))
    )
    (fp_text value SS34 (at 0 2.6 90) (layer F.Fab)
      (effects (font (size 1 1) (thickness 0.15)))
    )
    (fp_text user %R (at 0 -2.5 90) (layer F.Fab)
      (effects (font (size 1 1) (thickness 0.15)))
    )
    (fp_line (start -3.4 -1.65) (end -3.4 1.65) (layer F.SilkS) (width 0.12))
    (fp_line (start 2.3 1.5) (end -2.3 1.5) (layer F.Fab) (width 0.1))
    (fp_line (start -2.3 1.5) (end -2.3 -1.5) (layer F.Fab) (width 0.1))
    (fp_line (start 2.3 -1.5) (end 2.3 1.5) (layer F.Fab) (width 0.1))
    (fp_line (start 2.3 -1.5) (end -2.3 -1.5) (layer F.Fab) (width 0.1))
    (fp_line (start -3.5 -1.75) (end 3.5 -1.75) (layer F.CrtYd) (width 0.05))
    (fp_line (start 3.5 -1.75) (end 3.5 1.75) (layer F.CrtYd) (width 0.05))
    (fp_line (start 3.5 1.75) (end -3.5 1.75) (layer F.CrtYd) (width 0.05))
    (fp_line (start -3.5 1.75) (end -3.5 -1.75) (layer F.CrtYd) (width 0.05))
    (fp_line (start -0.64944 0.00102) (end -1.55114 0.00102) (layer F.Fab) (width 0.1))
    (fp_line (start 0.50118 0.00102) (end 1.4994 0.00102) (layer F.Fab) (width 0.1))
    (fp_line (start -0.64944 -0.79908) (end -0.64944 0.80112) (layer F.Fab) (width 0.1))
    (fp_line (start 0.50118 0.75032) (end 0.50118 -0.79908) (layer F.Fab) (width 0.1))
    (fp_line (start -0.64944 0.00102) (end 0.50118 0.75032) (layer F.Fab) (width 0.1))
    (fp_line (start -0.64944 0.00102) (end 0.50118 -0.79908) (layer F.Fab) (width 0.1))
    (fp_line (start -3.4 1.65) (end 2 1.65) (layer F.SilkS) (width 0.12))
    (fp_line (start -3.4 -1.65) (end 2 -1.65) (layer F.SilkS) (width 0.12))
    (pad 1 smd rect (at -2 0 90) (size 2.5 1.8) (layers F.Cu F.Paste F.Mask)
      (net 16 "Net-(C11-Pad1)"))
    (pad 2 smd rect (at 2 0 90) (size 2.5 1.8) (layers F.Cu F.Paste F.Mask)
      (net 17 "Net-(D1-Pad2)"))
    (model ${KISYS3DMOD}/Diode_SMD.3dshapes/D_SMA.wrl
      (at (xyz 0 0 0))
      (scale (xyz 1 1 1))
      (rotate (xyz 0 0 0))
    )
  )

  (module Package_SO:SOIC-14_3.9x8.7mm_P1.27mm (layer F.Cu) (tedit 5A02F2D3) (tstamp 5C54B2F6)
    (at 217.932 130.048 180)
    (descr "14-Lead Plastic Small Outline (SL) - Narrow, 3.90 mm Body [SOIC] (see Microchip Packaging Specification 00000049BS.pdf)")
    (tags "SOIC 1.27")
    (path /58F2E61F)
    (attr smd)
    (fp_text reference IC2 (at 0 -5.375 180) (layer F.SilkS)
      (effects (font (size 1 1) (thickness 0.15)))
    )
    (fp_text value 74HCT08 (at 0 5.375 180) (layer F.Fab)
      (effects (font (size 1 1) (thickness 0.15)))
    )
    (fp_text user %R (at 0 0 180) (layer F.Fab)
      (effects (font (size 0.9 0.9) (thickness 0.135)))
    )
    (fp_line (start -0.95 -4.35) (end 1.95 -4.35) (layer F.Fab) (width 0.15))
    (fp_line (start 1.95 -4.35) (end 1.95 4.35) (layer F.Fab) (width 0.15))
    (fp_line (start 1.95 4.35) (end -1.95 4.35) (layer F.Fab) (width 0.15))
    (fp_line (start -1.95 4.35) (end -1.95 -3.35) (layer F.Fab) (width 0.15))
    (fp_line (start -1.95 -3.35) (end -0.95 -4.35) (layer F.Fab) (width 0.15))
    (fp_line (start -3.7 -4.65) (end -3.7 4.65) (layer F.CrtYd) (width 0.05))
    (fp_line (start 3.7 -4.65) (end 3.7 4.65) (layer F.CrtYd) (width 0.05))
    (fp_line (start -3.7 -4.65) (end 3.7 -4.65) (layer F.CrtYd) (width 0.05))
    (fp_line (start -3.7 4.65) (end 3.7 4.65) (layer F.CrtYd) (width 0.05))
    (fp_line (start -2.075 -4.45) (end -2.075 -4.425) (layer F.SilkS) (width 0.15))
    (fp_line (start 2.075 -4.45) (end 2.075 -4.335) (layer F.SilkS) (width 0.15))
    (fp_line (start 2.075 4.45) (end 2.075 4.335) (layer F.SilkS) (width 0.15))
    (fp_line (start -2.075 4.45) (end -2.075 4.335) (layer F.SilkS) (width 0.15))
    (fp_line (start -2.075 -4.45) (end 2.075 -4.45) (layer F.SilkS) (width 0.15))
    (fp_line (start -2.075 4.45) (end 2.075 4.45) (layer F.SilkS) (width 0.15))
    (fp_line (start -2.075 -4.425) (end -3.45 -4.425) (layer F.SilkS) (width 0.15))
    (pad 1 smd rect (at -2.7 -3.81 180) (size 1.5 0.6) (layers F.Cu F.Paste F.Mask)
      (net 3 +5V))
    (pad 2 smd rect (at -2.7 -2.54 180) (size 1.5 0.6) (layers F.Cu F.Paste F.Mask)
      (net 6 "Net-(IC1-Pad12)"))
    (pad 3 smd rect (at -2.7 -1.27 180) (size 1.5 0.6) (layers F.Cu F.Paste F.Mask)
      (net 7 "Net-(IC2-Pad3)"))
    (pad 4 smd rect (at -2.7 0 180) (size 1.5 0.6) (layers F.Cu F.Paste F.Mask)
      (net 3 +5V))
    (pad 5 smd rect (at -2.7 1.27 180) (size 1.5 0.6) (layers F.Cu F.Paste F.Mask)
      (net 8 P1.23))
    (pad 6 smd rect (at -2.7 2.54 180) (size 1.5 0.6) (layers F.Cu F.Paste F.Mask)
      (net 9 "Net-(IC2-Pad6)"))
    (pad 7 smd rect (at -2.7 3.81 180) (size 1.5 0.6) (layers F.Cu F.Paste F.Mask)
      (net 1 GND))
    (pad 8 smd rect (at 2.7 3.81 180) (size 1.5 0.6) (layers F.Cu F.Paste F.Mask)
      (net 38 "Net-(IC2-Pad8)"))
    (pad 9 smd rect (at 2.7 2.54 180) (size 1.5 0.6) (layers F.Cu F.Paste F.Mask)
      (net 3 +5V))
    (pad 10 smd rect (at 2.7 1.27 180) (size 1.5 0.6) (layers F.Cu F.Paste F.Mask)
      (net 3 +5V))
    (pad 11 smd rect (at 2.7 0 180) (size 1.5 0.6) (layers F.Cu F.Paste F.Mask)
      (net 39 "Net-(IC2-Pad11)"))
    (pad 12 smd rect (at 2.7 -1.27 180) (size 1.5 0.6) (layers F.Cu F.Paste F.Mask)
      (net 3 +5V))
    (pad 13 smd rect (at 2.7 -2.54 180) (size 1.5 0.6) (layers F.Cu F.Paste F.Mask)
      (net 3 +5V))
    (pad 14 smd rect (at 2.7 -3.81 180) (size 1.5 0.6) (layers F.Cu F.Paste F.Mask)
      (net 3 +5V))
    (model ${KISYS3DMOD}/Package_SO.3dshapes/SOIC-14_3.9x8.7mm_P1.27mm.wrl
      (at (xyz 0 0 0))
      (scale (xyz 1 1 1))
      (rotate (xyz 0 0 0))
    )
  )

  (module Package_SO:SOIC-8_3.9x4.9mm_P1.27mm (layer F.Cu) (tedit 5A02F2D3) (tstamp 5C54B318)
    (at 208.915 118.745 180)
    (descr "8-Lead Plastic Small Outline (SN) - Narrow, 3.90 mm Body [SOIC] (see Microchip Packaging Specification 00000049BS.pdf)")
    (tags "SOIC 1.27")
    (path /58F3B713/5C5185A0)
    (attr smd)
    (fp_text reference IC3 (at 0 -3.5 180) (layer F.SilkS)
      (effects (font (size 1 1) (thickness 0.15)))
    )
    (fp_text value MAX485E (at 0 3.5 180) (layer F.Fab)
      (effects (font (size 1 1) (thickness 0.15)))
    )
    (fp_text user %R (at 0 0 180) (layer F.Fab)
      (effects (font (size 1 1) (thickness 0.15)))
    )
    (fp_line (start -0.95 -2.45) (end 1.95 -2.45) (layer F.Fab) (width 0.1))
    (fp_line (start 1.95 -2.45) (end 1.95 2.45) (layer F.Fab) (width 0.1))
    (fp_line (start 1.95 2.45) (end -1.95 2.45) (layer F.Fab) (width 0.1))
    (fp_line (start -1.95 2.45) (end -1.95 -1.45) (layer F.Fab) (width 0.1))
    (fp_line (start -1.95 -1.45) (end -0.95 -2.45) (layer F.Fab) (width 0.1))
    (fp_line (start -3.73 -2.7) (end -3.73 2.7) (layer F.CrtYd) (width 0.05))
    (fp_line (start 3.73 -2.7) (end 3.73 2.7) (layer F.CrtYd) (width 0.05))
    (fp_line (start -3.73 -2.7) (end 3.73 -2.7) (layer F.CrtYd) (width 0.05))
    (fp_line (start -3.73 2.7) (end 3.73 2.7) (layer F.CrtYd) (width 0.05))
    (fp_line (start -2.075 -2.575) (end -2.075 -2.525) (layer F.SilkS) (width 0.15))
    (fp_line (start 2.075 -2.575) (end 2.075 -2.43) (layer F.SilkS) (width 0.15))
    (fp_line (start 2.075 2.575) (end 2.075 2.43) (layer F.SilkS) (width 0.15))
    (fp_line (start -2.075 2.575) (end -2.075 2.43) (layer F.SilkS) (width 0.15))
    (fp_line (start -2.075 -2.575) (end 2.075 -2.575) (layer F.SilkS) (width 0.15))
    (fp_line (start -2.075 2.575) (end 2.075 2.575) (layer F.SilkS) (width 0.15))
    (fp_line (start -2.075 -2.525) (end -3.475 -2.525) (layer F.SilkS) (width 0.15))
    (pad 1 smd rect (at -2.7 -1.905 180) (size 1.55 0.6) (layers F.Cu F.Paste F.Mask)
      (net 13 RX))
    (pad 2 smd rect (at -2.7 -0.635 180) (size 1.55 0.6) (layers F.Cu F.Paste F.Mask)
      (net 1 GND))
    (pad 3 smd rect (at -2.7 0.635 180) (size 1.55 0.6) (layers F.Cu F.Paste F.Mask)
      (net 1 GND))
    (pad 4 smd rect (at -2.7 1.905 180) (size 1.55 0.6) (layers F.Cu F.Paste F.Mask)
      (net 1 GND))
    (pad 5 smd rect (at 2.7 1.905 180) (size 1.55 0.6) (layers F.Cu F.Paste F.Mask)
      (net 1 GND))
    (pad 6 smd rect (at 2.7 0.635 180) (size 1.55 0.6) (layers F.Cu F.Paste F.Mask)
      (net 26 "Net-(IC3-Pad6)"))
    (pad 7 smd rect (at 2.7 -0.635 180) (size 1.55 0.6) (layers F.Cu F.Paste F.Mask)
      (net 27 "Net-(IC3-Pad7)"))
    (pad 8 smd rect (at 2.7 -1.905 180) (size 1.55 0.6) (layers F.Cu F.Paste F.Mask)
      (net 3 +5V))
    (model ${KISYS3DMOD}/Package_SO.3dshapes/SOIC-8_3.9x4.9mm_P1.27mm.wrl
      (at (xyz 0 0 0))
      (scale (xyz 1 1 1))
      (rotate (xyz 0 0 0))
    )
  )

  (module Package_TO_SOT_SMD:SOT-223-3_TabPin2 (layer F.Cu) (tedit 5A02FF57) (tstamp 5C8E3404)
    (at 213.36 76.2 180)
    (descr "module CMS SOT223 4 pins")
